run_utc,lead_h,point,pres_pa,pres_pa_desc,model_elev_m,model_elev_m_desc,tmp2m_k,tmp2m_k_desc,rh2m_pct,rh2m_pct_desc,u10_ms,u10_ms_desc,v10_ms,v10_ms_desc,apcp_kgm2,apcp_kgm2_desc,csnow,csnow_desc,dswrf_wm2,dswrf_wm2_desc,dlwrf_wm2,dlwrf_wm2_desc
2023-01-08T00:00:00+00:00,0,simpson_lower,80603.31115704613,anl,1881.8590177589072,anl,267.42311132855605,anl,93.967124802,anl,-0.43122331601726077,anl,1.3303673422229914,anl,,,,,,,,
2023-01-08T00:00:00+00:00,0,simpson_upper,80600.80497396788,anl,1882.0056937835966,anl,267.43390595601517,anl,94.00743137840001,anl,-0.4308592432524362,anl,1.3174114679766058,anl,,,,,,,,
2023-01-08T00:00:00+00:00,0,bow_summit,76384.09009299462,anl,2295.135431332288,anl,264.62636709002476,anl,94.09892970252803,anl,-0.23952910193404744,anl,3.595293214856589,anl,,,,,,,,
2023-01-08T00:00:00+00:00,0,bow_summit_plot,76385.725184424,anl,2294.9694288879996,anl,264.6300704223,anl,94.09400812800001,anl,-0.24016182608124886,anl,3.5956226609749864,anl,,,,,,,,
2023-01-08T00:00:00+00:00,0,sunshine_village_ab_env,78809.07289344646,anl,2056.5879388276353,anl,266.0854226562184,anl,92.92410117516798,anl,0.15670672590915585,anl,1.2421899075797922,anl,,,,,,,,
2023-01-08T00:00:00+00:00,0,sunshine_village_ab_env_plot,78701.10705860006,anl,2066.996739479995,anl,266.00883109750004,anl,92.61840319999996,anl,0.2529563467187321,anl,1.1666923793749868,anl,,,,,,,,
2023-01-08T00:00:00+00:00,3,simpson_lower,80448.88326050597,3 hour fcst,1881.8590177589072,3 hour fcst,266.64961378478506,3 hour fcst,96.93280643247999,3 hour fcst,-0.15655816504151615,3 hour fcst,0.7788267283904686,3 hour fcst,0.0,0-3 hour acc fcst,0.0,0-3 hour ave fcst,0.0,0-3 hour ave fcst,278.6381294718822,0-3 hour ave fcst
2023-01-08T00:00:00+00:00,3,simpson_upper,80446.19993191039,3 hour fcst,1882.0056937835966,3 hour fcst,266.630946854897,3 hour fcst,96.919756842816,3 hour fcst,-0.16982197589428485,3 hour fcst,0.7279398162801195,3 hour fcst,0.0,0-3 hour acc fcst,0.0,0-3 hour ave fcst,0.0,0-3 hour ave fcst,278.8761529509536,0-3 hour ave fcst
2023-01-08T00:00:00+00:00,3,bow_summit,76234.98026343355,3 hour fcst,2295.135431332288,3 hour fcst,263.46436957112104,3 hour fcst,97.296212596352,3 hour fcst,-0.28282816263029076,3 hour fcst,2.7368562706384885,3 hour fcst,0.009305208080000052,0-3 hour acc fcst,0.0,0-3 hour ave fcst,0.0,0-3 hour ave fcst,255.25823171428178,0-3 hour ave fcst
2023-01-08T00:00:00+00:00,3,bow_summit_plot,76236.632705736,3 hour fcst,2294.9694288879996,3 hour fcst,263.465501336625,3 hour fcst,97.294846752,3 hour fcst,-0.2842144637374929,3 hour fcst,2.7369201900624858,3 hour fcst,0.009336580000000174,0-3 hour acc fcst,0.0,0-3 hour ave fcst,0.0,0-3 hour ave fcst,255.28967115492185,0-3 hour ave fcst
2023-01-08T00:00:00+00:00,3,sunshine_village_ab_env,78643.33754178438,3 hour fcst,2056.5879388276353,3 hour fcst,265.059517898385,3 hour fcst,97.132210232928,3 hour fcst,0.7757511419505099,3 hour fcst,1.2145423657488919,3 hour fcst,0.0,0-3 hour acc fcst,0.0,0-3 hour ave fcst,0.0,0-3 hour ave fcst,262.3990316632097,0-3 hour ave fcst
2023-01-08T00:00:00+00:00,3,sunshine_village_ab_env_plot,78533.64656660004,3 hour fcst,2066.996739479995,3 hour fcst,264.889435640625,3 hour fcst,97.07678720000003,3 hour fcst,0.9051429890624887,3 hour fcst,1.1786637740624548,3 hour fcst,0.0,0-3 hour acc fcst,0.0,0-3 hour ave fcst,0.0,0-3 hour ave fcst,260.52741099492204,0-3 hour ave fcst
2023-01-08T00:00:00+00:00,6,simpson_lower,80319.13064773958,6 hour fcst,1881.8590177589072,6 hour fcst,267.2912710667776,6 hour fcst,97.89947364872,6 hour fcst,-0.14569546433452657,6 hour fcst,1.105649312683985,6 hour fcst,0.06623249999999992,0-6 hour acc fcst,0.0,0-6 hour ave fcst,0.0,0-6 hour ave fcst,279.5275654389453,0-6 hour ave fcst
2023-01-08T00:00:00+00:00,6,simpson_upper,80316.21558993953,6 hour fcst,1882.0056937835966,6 hour fcst,267.29276039666547,6 hour fcst,97.89480766422402,6 hour fcst,-0.1531930611648697,6 hour fcst,1.0841139703928102,6 hour fcst,0.06496899999999961,0-6 hour acc fcst,0.0,0-6 hour ave fcst,0.0,0-6 hour ave fcst,279.69887486116875,0-6 hour ave fcst
2023-01-08T00:00:00+00:00,6,bow_summit,76094.00342287245,6 hour fcst,2295.135431332288,6 hour fcst,262.9750268109375,6 hour fcst,98.24379966707201,6 hour fcst,0.34050955337910527,6 hour fcst,2.9940727326071825,6 hour fcst,0.0625,0-6 hour acc fcst,0.0,0-6 hour ave fcst,0.0,0-6 hour ave fcst,252.00268441499298,0-6 hour ave fcst
2023-01-08T00:00:00+00:00,6,bow_summit_plot,76095.659392048,6 hour fcst,2294.9694288879996,6 hour fcst,262.97696121093753,6 hour fcst,98.24274147199999,6 hour fcst,0.33897922253750157,6 hour fcst,2.9949832346999803,6 hour fcst,0.0625,0-6 hour acc fcst,0.0,0-6 hour ave fcst,0.0,0-6 hour ave fcst,252.01985710862502,0-6 hour ave fcst
2023-01-08T00:00:00+00:00,6,sunshine_village_ab_env,78525.55080709748,6 hour fcst,2056.5879388276353,6 hour fcst,265.48843852645746,6 hour fcst,98.17784856180799,6 hour fcst,1.14968819072151,6 hour fcst,1.1822877789031931,6 hour fcst,0.04545360888999958,0-6 hour acc fcst,0.0,0-6 hour ave fcst,0.0,0-6 hour ave fcst,263.9126078728808,0-6 hour ave fcst
2023-01-08T00:00:00+00:00,6,sunshine_village_ab_env_plot,78416.92468280006,6 hour fcst,2066.996739479995,6 hour fcst,265.3266092109375,6 hour fcst,98.14025919999999,6 hour fcst,1.303424060937473,6 hour fcst,1.1326163674999756,6 hour fcst,0.04048599999999995,0-6 hour acc fcst,0.0,0-6 hour ave fcst,0.0,0-6 hour ave fcst,262.20366354062503,0-6 hour ave fcst
2023-01-08T00:00:00+00:00,9,simpson_lower,80212.6192013527,9 hour fcst,1881.8590177589072,9 hour fcst,267.34400793043005,9 hour fcst,97.35654016240005,9 hour fcst,-0.10261982673202857,9 hour fcst,1.1903841680679823,9 hour fcst,0.2430282601500013,0-9 hour acc fcst,0.9440507207999999,6-9 hour ave fcst,0.0,6-9 hour ave fcst,281.971696989896,6-9 hour ave fcst
2023-01-08T00:00:00+00:00,9,simpson_upper,80209.87494259623,9 hour fcst,1882.0056937835966,9 hour fcst,267.346730590206,9 hour fcst,97.41209061407997,9 hour fcst,-0.10909927603436681,9 hour fcst,1.1670131011256133,9 hour fcst,0.24558401337999927,0-9 hour acc fcst,0.9618920713600068,6-9 hour ave fcst,0.0,6-9 hour ave fcst,282.12769980471137,6-9 hour ave fcst
2023-01-08T00:00:00+00:00,9,bow_summit,75979.02489136506,9 hour fcst,2295.135431332288,9 hour fcst,260.7656404151019,9 hour fcst,98.75300839756801,9 hour fcst,0.8396462755496047,9 hour fcst,3.167624841147982,9 hour fcst,0.09126716616000026,0-9 hour acc fcst,0.16250800000000254,6-9 hour ave fcst,0.0,6-9 hour ave fcst,229.0562261766157,6-9 hour ave fcst
2023-01-08T00:00:00+00:00,9,bow_summit_plot,75980.701251256,9 hour fcst,2294.9694288879996,9 hour fcst,260.76996097075,9 hour fcst,98.751951168,9 hour fcst,0.8383415321000016,9 hour fcst,3.1687796854999806,9 hour fcst,0.09134816000000061,0-9 hour acc fcst,0.16280000000000427,6-9 hour ave fcst,0.0,6-9 hour ave fcst,229.07788639101574,6-9 hour ave fcst
2023-01-08T00:00:00+00:00,9,sunshine_village_ab_env,78415.58616652229,9 hour fcst,2056.5879388276353,9 hour fcst,264.71071148986994,9 hour fcst,96.93528531552002,9 hour fcst,1.2794553904216102,9 hour fcst,1.22201259095439,9 hour fcst,0.15643474999999896,0-9 hour acc fcst,0.6865679999999941,6-9 hour ave fcst,0.0,6-9 hour ave fcst,255.14590466307925,6-9 hour ave fcst
2023-01-08T00:00:00+00:00,9,sunshine_village_ab_env_plot,78306.57004460006,9 hour fcst,2066.996739479995,9 hour fcst,264.33004221875,9 hour fcst,96.96300800000009,9 hour fcst,1.4341004024999724,9 hour fcst,1.148440997499968,9 hour fcst,0.14385000000000048,0-9 hour acc fcst,0.6399999999999864,6-9 hour ave fcst,0.0,6-9 hour ave fcst,251.26749439101548,6-9 hour ave fcst
2023-01-08T00:00:00+00:00,12,simpson_lower,80098.21626981253,12 hour fcst,1881.8590177589072,12 hour fcst,267.1275054563421,12 hour fcst,96.94199310856004,12 hour fcst,-0.02454791730052671,12 hour fcst,1.1424710462849836,12 hour fcst,0.4158777703000043,0-12 hour acc fcst,0.9440507207999999,6-12 hour ave fcst,0.0,6-12 hour ave fcst,281.4896758996892,6-12 hour ave fcst
2023-01-08T00:00:00+00:00,12,simpson_upper,80095.55764953875,12 hour fcst,1882.0056937835966,12 hour fcst,267.12787382519633,12 hour fcst,97.03206880675201,12 hour fcst,-0.02955928350206862,12 hour fcst,1.1140317881970103,12 hour fcst,0.4239902767599978,0-12 hour acc fcst,0.9618920713600068,6-12 hour ave fcst,0.0,6-12 hour ave fcst,281.70415462079245,6-12 hour ave fcst
2023-01-08T00:00:00+00:00,12,bow_summit,75875.22453236506,12 hour fcst,2295.135431332288,12 hour fcst,262.2120784943484,12 hour fcst,98.30267632806402,12 hour fcst,1.066501734750705,12 hour fcst,3.072229459092984,12 hour fcst,0.22203545807999997,0-12 hour acc fcst,0.16250800000000254,6-12 hour ave fcst,0.0,6-12 hour ave fcst,224.05654151631276,6-12 hour ave fcst
2023-01-08T00:00:00+00:00,12,bow_summit_plot,75876.893916256,12 hour fcst,2294.9694288879996,12 hour fcst,262.21794612214995,12 hour fcst,98.30044086400001,12 hour fcst,1.0650719453875015,12 hour fcst,3.073016271124982,12 hour fcst,0.22221158000000052,0-12 hour acc fcst,0.16280000000000427,6-12 hour ave fcst,0.0,6-12 hour ave fcst,224.08595118696888,6-12 hour ave fcst
2023-01-08T00:00:00+00:00,12,sunshine_village_ab_env,78302.01838630988,12 hour fcst,2056.5879388276353,12 hour fcst,264.47263160446516,12 hour fcst,96.635886225776,12 hour fcst,1.3173521068163105,12 hour fcst,1.0931506281313896,12 hour fcst,0.2496655322199988,0-12 hour acc fcst,0.9593102577600007,6-12 hour ave fcst,0.0,6-12 hour ave fcst,253.17382664823236,6-12 hour ave fcst
2023-01-08T00:00:00+00:00,12,sunshine_village_ab_env_plot,78193.02411120005,12 hour fcst,2066.996739479995,12 hour fcst,264.09833032374996,12 hour fcst,96.5854624000001,12 hour fcst,1.4760178621874749,12 hour fcst,1.0188880631249666,12 hour fcst,0.23057800000000409,0-12 hour acc fcst,0.9922239999999871,6-12 hour ave fcst,0.0,6-12 hour ave fcst,249.37528264296856,6-12 hour ave fcst
2023-01-08T00:00:00+00:00,15,simpson_lower,79969.45293304612,15 hour fcst,1881.8590177589072,15 hour fcst,267.18355324968206,15 hour fcst,96.74483432480002,15 hour fcst,0.10862563175759771,15 hour fcst,1.2764628038464914,15 hour fcst,0.5336703604000056,0-15 hour acc fcst,0.9440507207999999,12-15 hour ave fcst,0.0,12-15 hour ave fcst,283.71747398913703,12-15 hour ave fcst
2023-01-08T00:00:00+00:00,15,simpson_upper,79966.62731316786,15 hour fcst,1882.0056937835966,15 hour fcst,267.18869286842437,15 hour fcst,96.83040562816001,15 hour fcst,0.09454426769205387,15 hour fcst,1.2540939062753027,15 hour fcst,0.5444870356799969,0-15 hour acc fcst,0.9618920713600068,12-15 hour ave fcst,0.0,12-15 hour ave fcst,283.8266300718248,12-15 hour ave fcst
2023-01-08T00:00:00+00:00,15,bow_summit,75766.50364507246,15 hour fcst,2295.135431332288,15 hour fcst,264.610145603906,15 hour fcst,94.71388757811206,15 hour fcst,1.417713172328828,15 hour fcst,2.7637209419808886,15 hour fcst,0.23743220808000068,0-15 hour acc fcst,0.9297846707199925,12-15 hour ave fcst,0.0,12-15 hour ave fcst,260.36765179214456,12-15 hour ave fcst
2023-01-08T00:00:00+00:00,15,bow_summit_plot,75768.166027048,15 hour fcst,2294.9694288879996,15 hour fcst,264.61371563725,15 hour fcst,94.70916051200004,15 hour fcst,1.416626462965625,15 hour fcst,2.7642041374624866,15 hour fcst,0.23753658000000125,0-15 hour acc fcst,0.9310147199999945,12-15 hour ave fcst,0.0,12-15 hour ave fcst,260.43816497729665,12-15 hour ave fcst
2023-01-08T00:00:00+00:00,15,sunshine_village_ab_env,78172.96276163538,15 hour fcst,2056.5879388276353,15 hour fcst,266.0648121286052,15 hour fcst,95.42600643724799,15 hour fcst,1.3432101522216333,15 hour fcst,1.2513455517072942,15 hour fcst,0.32027928221999846,0-15 hour acc fcst,0.9593102577600007,12-15 hour ave fcst,0.0,12-15 hour ave fcst,274.97554788057676,12-15 hour ave fcst
2023-01-08T00:00:00+00:00,15,sunshine_village_ab_env_plot,78063.55176580006,15 hour fcst,2066.996739479995,15 hour fcst,265.97852626125007,15 hour fcst,95.39811519999995,15 hour fcst,1.4783616597655966,15 hour fcst,1.1991290590624875,15 hour fcst,0.2944280000000063,0-15 hour acc fcst,0.9922239999999871,12-15 hour ave fcst,0.0,12-15 hour ave fcst,273.387764529297,12-15 hour ave fcst
2023-01-08T00:00:00+00:00,18,simpson_lower,79939.32962058629,18 hour fcst,1881.8590177589072,18 hour fcst,268.2236111413676,18 hour fcst,93.74653929744002,18 hour fcst,0.34826790645173417,18 hour fcst,1.8690645512090087,18 hour fcst,0.5926735304500056,0-18 hour acc fcst,0.9440507207999999,12-18 hour ave fcst,14.41958654015991,12-18 hour ave fcst,284.01077099880575,12-18 hour ave fcst
2023-01-08T00:00:00+00:00,18,simpson_upper,79936.42238142535,18 hour fcst,1882.0056937835966,18 hour fcst,268.23442020114345,18 hour fcst,93.732664128448,18 hour fcst,0.3438065070373683,18 hour fcst,1.8744703641977918,18 hour fcst,0.6046052901399973,0-18 hour acc fcst,0.9618920713600068,12-18 hour ave fcst,14.244733497472046,12-18 hour ave fcst,284.1195241309334,12-18 hour ave fcst
2023-01-08T00:00:00+00:00,18,bow_summit,75736.90073921408,18 hour fcst,2295.135431332288,18 hour fcst,265.4873785004075,18 hour fcst,93.05720129766401,18 hour fcst,1.2098908937445496,18 hour fcst,2.5446301889081893,18 hour fcst,0.3528037499999997,0-18 hour acc fcst,0.16250800000000254,12-18 hour ave fcst,17.44391590346241,12-18 hour ave fcst,265.64677365816544,12-18 hour ave fcst
2023-01-08T00:00:00+00:00,18,bow_summit_plot,75738.54217008,18 hour fcst,2294.9694288879996,18 hour fcst,265.48870014968753,18 hour fcst,93.055390464,18 hour fcst,1.2097739006437487,18 hour fcst,2.545312688824989,18 hour fcst,0.35307500000000047,0-18 hour acc fcst,0.16280000000000427,12-18 hour ave fcst,17.4403319424,12-18 hour ave fcst,265.6937646597655,12-18 hour ave fcst
2023-01-08T00:00:00+00:00,18,sunshine_village_ab_env,78155.38845309746,18 hour fcst,2056.5879388276353,18 hour fcst,267.2566992163275,18 hour fcst,90.90687969783994,18 hour fcst,0.9942102572661538,18 hour fcst,1.2953949857193927,18 hour fcst,0.38277928221999846,0-18 hour acc fcst,0.6865679999999941,12-18 hour ave fcst,16.618878454492798,12-18 hour ave fcst,276.70142125355756,12-18 hour ave fcst
2023-01-08T00:00:00+00:00,18,sunshine_village_ab_env_plot,78048.00063280006,18 hour fcst,2066.996739479995,18 hour fcst,267.19798142968756,18 hour fcst,90.36817599999998,18 hour fcst,1.0744295998437245,18 hour fcst,1.2043213256250043,18 hour fcst,0.35692800000000624,0-18 hour acc fcst,0.6399999999999864,12-18 hour ave fcst,16.730078719999895,12-18 hour ave fcst,275.68280705976576,12-18 hour ave fcst
2023-01-08T00:00:00+00:00,21,simpson_lower,79814.21169797318,21 hour fcst,1881.8590177589072,21 hour fcst,268.87943231752007,21 hour fcst,92.39033952280006,21 hour fcst,0.28099531635698827,21 hour fcst,1.6781118796875067,21 hour fcst,0.7141767005000057,0-21 hour acc fcst,0.9440507207999999,18-21 hour ave fcst,102.2293055710553,18-21 hour ave fcst,287.0230100493933,18-21 hour ave fcst
2023-01-08T00:00:00+00:00,21,simpson_upper,79811.13767896865,21 hour fcst,1882.0056937835966,21 hour fcst,268.873531507184,21 hour fcst,92.47224904975998,21 hour fcst,0.2752755574594126,21 hour fcst,1.676141719687491,21 hour fcst,0.7272235445999979,0-21 hour acc fcst,0.9618920713600068,18-21 hour ave fcst,101.33739003451575,18-21 hour ave fcst,287.076115680401,18-21 hour ave fcst
2023-01-08T00:00:00+00:00,21,bow_summit,75661.0289439067,21 hour fcst,2295.135431332288,21 hour fcst,266.50968302072,21 hour fcst,90.00852263910399,21 hour fcst,0.8022284687330015,21 hour fcst,2.716030182727488,21 hour fcst,0.4161552919199998,0-21 hour acc fcst,1.0,18-21 hour ave fcst,140.1030866725891,18-21 hour ave fcst,271.36304623444886,18-21 hour ave fcst
2023-01-08T00:00:00+00:00,21,bow_summit_plot,75662.660154288,21 hour fcst,2294.9694288879996,21 hour fcst,266.51054347,21 hour fcst,90.00829990399998,21 hour fcst,0.8015405361249994,21 hour fcst,2.7171497196874883,21 hour fcst,0.4164134200000006,0-21 hour acc fcst,1.0,18-21 hour ave fcst,140.04292234880015,18-21 hour ave fcst,271.41214244795293,18-21 hour ave fcst
2023-01-08T00:00:00+00:00,21,sunshine_village_ab_env,78040.30165138573,21 hour fcst,2056.5879388276353,21 hour fcst,268.284929910864,21 hour fcst,88.36508085155195,21 hour fcst,0.8440954525650048,21 hour fcst,1.2137327643162943,21 hour fcst,0.4881897822199981,0-21 hour acc fcst,0.6865679999999941,18-21 hour ave fcst,124.85969993718726,18-21 hour ave fcst,281.62667967273705,18-21 hour ave fcst
2023-01-08T00:00:00+00:00,21,sunshine_village_ab_env_plot,77933.65193720006,21 hour fcst,2066.996739479995,21 hour fcst,268.2755223500001,21 hour fcst,87.79212479999998,21 hour fcst,0.9272123281249821,21 hour fcst,1.1383537996875062,21 hour fcst,0.4594280000000054,0-21 hour acc fcst,0.6399999999999864,18-21 hour ave fcst,126.84702527999914,18-21 hour ave fcst,281.16676235195325,18-21 hour ave fcst
2023-01-08T00:00:00+00:00,24,simpson_lower,79826.27948227973,24 hour fcst,1881.8590177589072,24 hour fcst,268.13161871491803,24 hour fcst,96.09130445072014,24 hour fcst,0.07736504334723752,24 hour fcst,1.373316511867243,24 hour fcst,0.23582085025000274,18-24 hour acc fcst,0.9440507207999999,18-24 hour ave fcst,75.28752306537557,18-24 hour ave fcst,287.01668444122885,18-24 hour ave fcst
2023-01-08T00:00:00+00:00,24,simpson_upper,79823.12911559701,24 hour fcst,1882.0056937835966,24 hour fcst,268.1384639408956,24 hour fcst,96.1929186426239,24 hour fcst,0.06984797743846287,24 hour fcst,1.3689316838224572,24 hour fcst,0.24108077229999855,18-24 hour acc fcst,0.9618920713600068,18-24 hour ave fcst,74.70812283825951,18-24 hour ave fcst,287.06378261246067,18-24 hour ave fcst
2023-01-08T00:00:00+00:00,24,bow_summit,75658.51924643354,24 hour fcst,2295.135431332288,24 hour fcst,265.45660924286045,24 hour fcst,92.02912505856001,24 hour fcst,0.6229812431888522,24 hour fcst,2.6432207642832406,24 hour fcst,0.13430520808000004,18-24 hour acc fcst,0.9161599999999908,18-24 hour ave fcst,102.66131585144343,18-24 hour ave fcst,271.03948236471643,18-24 hour ave fcst
2023-01-08T00:00:00+00:00,24,bow_summit_plot,75660.148520736,24 hour fcst,2294.9694288879996,24 hour fcst,265.46056853415,24 hour fcst,92.02589056000001,24 hour fcst,0.6223144471312504,24 hour fcst,2.64379592153124,24 hour fcst,0.13433658000000018,18-24 hour acc fcst,0.9175999999999931,18-24 hour ave fcst,102.61220808320013,18-24 hour ave fcst,271.0972457034685,18-24 hour ave fcst
2023-01-08T00:00:00+00:00,24,sunshine_village_ab_env,78054.11012014847,24 hour fcst,2056.5879388276353,24 hour fcst,267.41793954514037,24 hour fcst,90.37006205870395,24 hour fcst,0.7508683056176564,24 hour fcst,1.357064029099245,24 hour fcst,0.11909489110999906,18-24 hour acc fcst,0.6865679999999941,18-24 hour ave fcst,89.01370352520645,18-24 hour ave fcst,282.59556526073277,18-24 hour ave fcst
2023-01-08T00:00:00+00:00,24,sunshine_village_ab_env_plot,77947.44933200005,24 hour fcst,2066.996739479995,24 hour fcst,267.40373830375006,24 hour fcst,89.52096960000016,24 hour fcst,0.8461846295312361,24 hour fcst,1.321935969531235,24 hour fcst,0.10471400000000271,18-24 hour acc fcst,0.6399999999999864,18-24 hour ave fcst,90.36511935999943,18-24 hour ave fcst,282.17640045546887,18-24 hour ave fcst
2023-01-08T00:00:00+00:00,27,simpson_lower,79816.60820573957,27 hour fcst,1881.8590177589072,27 hour fcst,265.45240582413004,27 hour fcst,97.49981564871999,27 hour fcst,-0.45400511808177274,27 hour fcst,0.057731258777723816,27 hour fcst,1.0129908109000094,0-27 hour acc fcst,1.0,24-27 hour ave fcst,0.0,24-27 hour ave fcst,271.89995400709455,24-27 hour ave fcst
2023-01-08T00:00:00+00:00,27,simpson_upper,79813.88718313954,27 hour fcst,1882.0056937835966,27 hour fcst,265.46521290974596,27 hour fcst,97.49439126422402,27 hour fcst,-0.46202304428332486,27 hour fcst,0.030053836486571964,27 hour fcst,1.0313263302799949,0-27 hour acc fcst,1.0,24-27 hour ave fcst,0.0,24-27 hour ave fcst,271.9821094558462,24-27 hour ave fcst
2023-01-08T00:00:00+00:00,27,bow_summit,75672.71687847246,27 hour fcst,2295.135431332288,27 hour fcst,264.998735509266,27 hour fcst,94.14224752320001,27 hour fcst,0.9628744546990536,27 hour fcst,2.27868441687694,27 hour fcst,0.5504604999999998,0-27 hour acc fcst,0.14888332928000084,24-27 hour ave fcst,0.0,24-27 hour ave fcst,271.11107981869407,24-27 hour ave fcst
2023-01-08T00:00:00+00:00,27,bow_summit_plot,75674.362102048,27 hour fcst,2294.9694288879996,27 hour fcst,265.00241324725,27 hour fcst,94.14146320000002,27 hour fcst,0.9619007942062513,27 hour fcst,2.2790103567937376,27 hour fcst,0.5507500000000006,0-27 hour acc fcst,0.14938528000000278,24-27 hour ave fcst,0.0,24-27 hour ave fcst,271.1681951377342,24-27 hour ave fcst
2023-01-08T00:00:00+00:00,27,sunshine_village_ab_env,78036.76708654847,27 hour fcst,2056.5879388276353,27 hour fcst,264.98235777875396,27 hour fcst,97.02222594318397,27 hour fcst,0.7540734454142606,27 hour fcst,0.80318908179855,27 hour fcst,0.5958089233299966,0-27 hour acc fcst,0.6865679999999941,24-27 hour ave fcst,0.0,24-27 hour ave fcst,270.6648350842145,24-27 hour ave fcst
2023-01-08T00:00:00+00:00,27,sunshine_village_ab_env_plot,77929.04325200006,27 hour fcst,2066.996739479995,27 hour fcst,265.05518163125004,27 hour fcst,96.77676159999997,27 hour fcst,0.8955981414062343,27 hour fcst,0.8403719535937205,27 hour fcst,0.5429920000000095,0-27 hour acc fcst,0.6399999999999864,24-27 hour ave fcst,0.0,24-27 hour ave fcst,270.99443417773466,24-27 hour ave fcst
2023-01-08T00:00:00+00:00,30,simpson_lower,79822.35508389285,30 hour fcst,1881.8590177589072,30 hour fcst,264.5229035358101,30 hour fcst,97.09800043248,30 hour fcst,-0.5434189592652812,30 hour fcst,-0.099048993325535,30 hour fcst,1.2565123312000122,0-30 hour acc fcst,1.0,24-30 hour ave fcst,0.0,24-30 hour ave fcst,260.7575917054341,24-30 hour ave fcst
2023-01-08T00:00:00+00:00,30,simpson_upper,79819.6707226537,30 hour fcst,1882.0056937835966,30 hour fcst,264.51164288120196,30 hour fcst,97.09480524281602,30 hour fcst,-0.5620948875340186,30 hour fcst,-0.14146119480707273,30 hour fcst,1.2774323570399926,0-30 hour acc fcst,1.0,24-30 hour ave fcst,0.0,24-30 hour ave fcst,261.06995684652145,24-30 hour ave fcst
2023-01-08T00:00:00+00:00,30,bow_summit,75669.06551441876,30 hour fcst,2295.135431332288,30 hour fcst,261.90999996417804,30 hour fcst,98.7119136,30 hour fcst,0.9854802798899558,30 hour fcst,2.0935933035032863,30 hour fcst,0.6187287919199995,0-30 hour acc fcst,0.16250800000000254,24-30 hour ave fcst,0.0,24-30 hour ave fcst,255.74973653208957,24-30 hour ave fcst
2023-01-08T00:00:00+00:00,30,bow_summit_plot,75670.73083415201,30 hour fcst,2294.9694288879996,30 hour fcst,261.91271055925,30 hour fcst,98.71096,30 hour fcst,0.984178797918753,30 hour fcst,2.0943163273624843,30 hour fcst,0.6191134200000007,0-30 hour acc fcst,0.16280000000000427,24-30 hour ave fcst,0.0,24-30 hour ave fcst,255.78995712959366,24-30 hour ave fcst
2023-01-08T00:00:00+00:00,30,sunshine_village_ab_env,78031.58402754848,30 hour fcst,2056.5879388276353,30 hour fcst,263.392032301426,30 hour fcst,97.614052296896,30 hour fcst,1.039682301225963,30 hour fcst,0.8676751773449005,30 hour fcst,0.7149038144399955,0-30 hour acc fcst,0.6865679999999941,24-30 hour ave fcst,0.0,24-30 hour ave fcst,253.5871468074178,24-30 hour ave fcst
2023-01-08T00:00:00+00:00,30,sunshine_village_ab_env_plot,77922.44873700006,30 hour fcst,2066.996739479995,30 hour fcst,263.36335443125006,30 hour fcst,97.6643104,30 hour fcst,1.2107046667187327,30 hour fcst,0.9359149865624548,30 hour fcst,0.6477060000000122,0-30 hour acc fcst,0.6399999999999864,24-30 hour ave fcst,0.0,24-30 hour ave fcst,253.5965970335942,24-30 hour ave fcst
2023-01-08T00:00:00+00:00,33,simpson_lower,79823.65828797317,33 hour fcst,1881.8590177589072,33 hour fcst,265.48235739918005,33 hour fcst,97.39478214416002,33 hour fcst,0.33192295302247815,33 hour fcst,0.7083030635782342,33 hour fcst,1.7461095215500173,0-33 hour acc fcst,1.0,30-33 hour ave fcst,0.0,30-33 hour ave fcst,265.8399681309166,30-33 hour ave fcst
2023-01-08T00:00:00+00:00,33,simpson_upper,79820.78649616864,33 hour fcst,1882.0056937835966,33 hour fcst,265.458292058956,33 hour fcst,97.39632881427201,33 hour fcst,0.32994136549452624,33 hour fcst,0.6928872474886636,33 hour fcst,1.7716771382599876,0-33 hour acc fcst,1.0,30-33 hour ave fcst,0.0,30-33 hour ave fcst,266.076751984148,30-33 hour ave fcst
2023-01-08T00:00:00+00:00,33,bow_summit,75657.8889163456,33 hour fcst,2295.135431332288,33 hour fcst,263.84109782164404,33 hour fcst,96.90083726220803,33 hour fcst,1.4237822346753022,33 hour fcst,1.6501214198790437,33 hour fcst,0.6998392080799996,0-33 hour acc fcst,0.9297846707199925,30-33 hour ave fcst,0.0,30-33 hour ave fcst,249.43017401214829,30-33 hour ave fcst
2023-01-08T00:00:00+00:00,33,bow_summit_plot,75659.5513656,33 hour fcst,2294.9694288879996,33 hour fcst,263.8427626315,33 hour fcst,96.90000380800002,33 hour fcst,1.423265461862501,33 hour fcst,1.6503949117062424,33 hour fcst,0.700286580000001,0-33 hour acc fcst,0.9310147199999945,30-33 hour ave fcst,0.0,30-33 hour ave fcst,249.4427839271563,30-33 hour ave fcst
2023-01-08T00:00:00+00:00,33,sunshine_village_ab_env,78027.22411142298,33 hour fcst,2056.5879388276353,33 hour fcst,264.65283434526,33 hour fcst,97.094705948448,33 hour fcst,1.3977346144065077,33 hour fcst,0.8689858431030443,33 hour fcst,0.9284178788799934,0-33 hour acc fcst,0.6865679999999941,30-33 hour ave fcst,0.0,30-33 hour ave fcst,253.0054103748362,30-33 hour ave fcst
2023-01-08T00:00:00+00:00,33,sunshine_village_ab_env_plot,77917.86120240006,33 hour fcst,2066.996739479995,33 hour fcst,264.5960236875,33 hour fcst,97.04155519999999,33 hour fcst,1.510434889062482,33 hour fcst,0.8420116989062216,33 hour fcst,0.8336620000000151,0-33 hour acc fcst,0.6399999999999864,30-33 hour ave fcst,0.0,30-33 hour ave fcst,251.99692053515645,30-33 hour ave fcst
2023-01-08T00:00:00+00:00,36,simpson_lower,79891.47206112646,36 hour fcst,1881.8590177589072,36 hour fcst,265.5431773714651,36 hour fcst,97.55909043248002,36 hour fcst,0.25972713328622526,36 hour fcst,1.0966459846897405,36 hour fcst,2.3576812220500223,0-36 hour acc fcst,1.0,30-36 hour ave fcst,0.0,30-36 hour ave fcst,270.2667474787584,30-36 hour ave fcst
2023-01-08T00:00:00+00:00,36,simpson_upper,79888.53583628283,36 hour fcst,1882.0056937835966,36 hour fcst,265.533041901353,36 hour fcst,97.574850442816,36 hour fcst,0.2518167707022777,36 hour fcst,1.085872351476958,36 hour fcst,2.3887146828599835,0-36 hour acc fcst,1.0,30-36 hour ave fcst,0.0,30-36 hour ave fcst,270.5381359969338,30-36 hour ave fcst
2023-01-08T00:00:00+00:00,36,bow_summit,75707.40521099929,36 hour fcst,2295.135431332288,36 hour fcst,263.494050452201,36 hour fcst,96.65567560000001,36 hour fcst,1.2206483473838519,36 hour fcst,1.2904051417553444,36 hour fcst,1.0032390419199977,0-36 hour acc fcst,0.9297846707199925,30-36 hour ave fcst,0.0,30-36 hour ave fcst,253.83822786247015,30-36 hour ave fcst
2023-01-08T00:00:00+00:00,36,bow_summit_plot,75709.060018496,36 hour fcst,2294.9694288879996,36 hour fcst,263.495295291625,36 hour fcst,96.65516000000001,36 hour fcst,1.2201644390062505,36 hour fcst,1.2903595401937427,36 hour fcst,1.0040384199999997,0-36 hour acc fcst,0.9310147199999945,30-36 hour ave fcst,0.0,30-36 hour ave fcst,253.84859474707818,30-36 hour ave fcst
2023-01-08T00:00:00+00:00,36,sunshine_village_ab_env,78089.12603990988,36 hour fcst,2056.5879388276353,36 hour fcst,264.415019444505,36 hour fcst,97.08300507732798,36 hour fcst,1.3608303887070572,36 hour fcst,1.0232490008337427,36 hour fcst,1.2549717699899907,0-36 hour acc fcst,1.0,30-36 hour ave fcst,0.0,30-36 hour ave fcst,257.42531609975003,30-36 hour ave fcst
2023-01-08T00:00:00+00:00,36,sunshine_village_ab_env_plot,77979.46329120005,36 hour fcst,2066.996739479995,36 hour fcst,264.295315515625,36 hour fcst,97.0263072,36 hour fcst,1.475830861406226,36 hour fcst,0.9682640585937284,36 hour fcst,1.1235760000000197,0-36 hour acc fcst,1.0,30-36 hour ave fcst,0.0,30-36 hour ave fcst,256.17470175507833,30-36 hour ave fcst
2023-01-08T00:00:00+00:00,39,simpson_lower,79874.77927366662,39 hour fcst,1881.8590177589072,39 hour fcst,264.43460339918005,39 hour fcst,97.68417107208,39 hour fcst,-0.15288051412952516,39 hour fcst,0.504760813967234,39 hour fcst,2.7222345723000254,0-39 hour acc fcst,1.0,36-39 hour ave fcst,0.0,36-39 hour ave fcst,266.21280808792335,36-39 hour ave fcst
2023-01-08T00:00:00+00:00,39,simpson_upper,79871.8827351403,39 hour fcst,1882.0056937835966,39 hour fcst,264.43985245895595,39 hour fcst,97.68620640713601,39 hour fcst,-0.16028685590387148,39 hour fcst,0.494006350642466,39 hour fcst,2.7572644551599814,0-39 hour acc fcst,1.0,36-39 hour ave fcst,0.0,36-39 hour ave fcst,266.47844263262687,36-39 hour ave fcst
2023-01-08T00:00:00+00:00,39,bow_summit,75702.65531127245,39 hour fcst,2295.135431332288,39 hour fcst,263.96782148871597,39 hour fcst,96.41908659878402,39 hour fcst,1.157819012355301,39 hour fcst,1.6457908339768432,39 hour fcst,1.4935616661599969,0-39 hour acc fcst,1.0,36-39 hour ave fcst,0.0,36-39 hour ave fcst,266.7335818222591,36-39 hour ave fcst
2023-01-08T00:00:00+00:00,39,bow_summit_plot,75704.305642048,39 hour fcst,2294.9694288879996,39 hour fcst,263.96943410349996,39 hour fcst,96.41857558400001,39 hour fcst,1.1573843918624995,39 hour fcst,1.645876897631241,39 hour fcst,1.4947981599999998,0-39 hour acc fcst,1.0,36-39 hour ave fcst,0.0,36-39 hour ave fcst,266.7465142892031,36-39 hour ave fcst
2023-01-08T00:00:00+00:00,39,sunshine_village_ab_env,78079.37546349748,39 hour fcst,2056.5879388276353,39 hour fcst,263.90018994525997,39 hour fcst,97.69749379379199,39 hour fcst,1.0401860489409085,39 hour fcst,0.7917920930296457,39 hour fcst,1.5041528788799896,0-39 hour acc fcst,1.0,36-39 hour ave fcst,0.0,36-39 hour ave fcst,259.2697384384671,36-39 hour ave fcst
2023-01-08T00:00:00+00:00,39,sunshine_village_ab_env_plot,77970.55205280006,39 hour fcst,2066.996739479995,39 hour fcst,263.8839136875,39 hour fcst,97.65542079999997,39 hour fcst,1.168226699062477,39 hour fcst,0.7770459920312239,39 hour fcst,1.354262000000024,0-39 hour acc fcst,1.0,36-39 hour ave fcst,0.0,36-39 hour ave fcst,258.5131276332035,36-39 hour ave fcst
2023-01-08T00:00:00+00:00,42,simpson_lower,79932.77940381989,42 hour fcst,1881.8590177589072,42 hour fcst,267.09130903376007,42 hour fcst,95.16671100912002,42 hour fcst,0.3061961031709807,42 hour fcst,1.7906335776302547,42 hour fcst,3.0791310926000306,0-42 hour acc fcst,1.0,36-42 hour ave fcst,23.95789692227194,36-42 hour ave fcst,258.74051532009537,36-42 hour ave fcst
2023-01-08T00:00:00+00:00,42,simpson_upper,79929.64456985447,42 hour fcst,1882.0056937835966,42 hour fcst,267.09303582859195,42 hour fcst,95.18158329990398,42 hour fcst,0.30005840759822155,42 hour fcst,1.7779781428670396,42 hour fcst,3.121483981919977,0-42 hour acc fcst,1.0,36-42 hour ave fcst,23.84394545450243,36-42 hour ave fcst,259.15387199399873,36-42 hour ave fcst
2023-01-08T00:00:00+00:00,42,bow_summit,75708.0002701456,42 hour fcst,2295.135431332288,42 hour fcst,264.531195718288,42 hour fcst,95.815155262208,42 hour fcst,0.8393246513838013,42 hour fcst,2.2114100842078437,42 hour fcst,1.5746720823199967,0-42 hour acc fcst,1.0,36-42 hour ave fcst,23.514765986585605,36-42 hour ave fcst,246.516499666671,36-42 hour ave fcst
2023-01-08T00:00:00+00:00,42,bow_summit_plot,75709.6470906,42 hour fcst,2294.9694288879996,42 hour fcst,264.532182138,42 hour fcst,95.81460380799999,42 hour fcst,0.8386415656749993,42 hour fcst,2.2117849380062427,42 hour fcst,1.5759713200000005,0-42 hour acc fcst,1.0,36-42 hour ave fcst,23.513339705599996,36-42 hour ave fcst,246.529357355375,36-42 hour ave fcst
2023-01-08T00:00:00+00:00,42,sunshine_village_ab_env,78129.25298810989,42 hour fcst,2056.5879388276353,42 hour fcst,266.128190610864,42 hour fcst,93.98608890310399,42 hour fcst,1.1311489375902055,42 hour fcst,1.2737046558798428,42 hour fcst,1.6147995522099878,0-42 hour acc fcst,1.0,36-42 hour ave fcst,25.437905663670403,36-42 hour ave fcst,248.25176868137495,36-42 hour ave fcst
2023-01-08T00:00:00+00:00,42,sunshine_village_ab_env_plot,78019.46535620006,42 hour fcst,2066.996739479995,42 hour fcst,266.0676898500001,42 hour fcst,93.83816960000001,42 hour fcst,1.2272077768749767,42 hour fcst,1.192505456406249,42 hour fcst,1.4382040000000285,0-42 hour acc fcst,1.0,36-42 hour ave fcst,25.590824959999907,36-42 hour ave fcst,247.34245085937542,36-42 hour ave fcst
2023-01-08T00:00:00+00:00,45,simpson_lower,79757.27032319942,45 hour fcst,1881.8590177589072,45 hour fcst,268.6692254173151,45 hour fcst,92.00545974816008,45 hour fcst,0.4180215600819867,45 hour fcst,1.7599957318085149,45 hour fcst,3.3147162728000334,0-45 hour acc fcst,1.0,42-45 hour ave fcst,188.9450487948313,42-45 hour ave fcst,248.78958454040378,42-45 hour ave fcst
2023-01-08T00:00:00+00:00,45,simpson_upper,79754.26704148205,45 hour fcst,1882.0056937835966,45 hour fcst,268.667100471923,45 hour fcst,92.11744837107196,45 hour fcst,0.4234083341044187,45 hour fcst,1.7700228538756855,45 hour fcst,3.362477499759976,0-45 hour acc fcst,1.0,42-45 hour ave fcst,187.80846601005484,42-45 hour ave fcst,249.62648565944264,42-45 hour ave fcst
2023-01-08T00:00:00+00:00,45,bow_summit,75603.64636314561,45 hour fcst,2295.135431332288,45 hour fcst,266.408080857235,45 hour fcst,90.43067118784,45 hour fcst,1.0887111470963993,45 hour fcst,2.0563448992132938,45 hour fcst,1.701051916159996,0-45 hour acc fcst,0.16250800000000254,42-45 hour ave fcst,202.220572439552,42-45 hour ave fcst,218.47035630635517,42-45 hour ave fcst
2023-01-08T00:00:00+00:00,45,bow_summit_plot,75605.2768956,45 hour fcst,2294.9694288879996,45 hour fcst,266.408902281875,45 hour fcst,90.43011584,45 hour fcst,1.0883736576499978,45 hour fcst,2.0569465061124936,45 hour fcst,1.7025231599999997,0-45 hour acc fcst,0.16280000000000427,42-45 hour ave fcst,202.2038139519999,42-45 hour ave fcst,218.48831758520322,42-45 hour ave fcst
2023-01-08T00:00:00+00:00,45,sunshine_village_ab_env,77966.37256869746,45 hour fcst,2056.5879388276353,45 hour fcst,267.934994308515,45 hour fcst,88.46977108974396,45 hour fcst,1.0313653609396038,45 hour fcst,1.0330472239764936,45 hour fcst,1.733894443319987,0-45 hour acc fcst,0.6865679999999941,42-45 hour ave fcst,211.4073980731681,42-45 hour ave fcst,226.324776324435,42-45 hour ave fcst
2023-01-08T00:00:00+00:00,45,sunshine_village_ab_env_plot,77858.14312280006,45 hour fcst,2066.996739479995,45 hour fcst,267.91189092187506,45 hour fcst,88.03370560000002,45 hour fcst,1.1039795712499814,45 hour fcst,0.9417140453125126,45 hour fcst,1.5429180000000313,0-45 hour acc fcst,0.6399999999999864,42-45 hour ave fcst,213.93481919999908,42-45 hour ave fcst,223.99321083320393,42-45 hour ave fcst
2023-01-08T00:00:00+00:00,48,simpson_lower,79689.79428489287,48 hour fcst,1881.8590177589072,48 hour fcst,264.781679032212,48 hour fcst,97.87010830656006,48 hour fcst,-0.1469328487095116,48 hour fcst,1.1639805480629992,48 hour fcst,0.29808518020000285,42-48 hour acc fcst,0.9440507207999999,42-48 hour ave fcst,133.03692806430678,42-48 hour ave fcst,250.77543685822172,42-48 hour ave fcst
2023-01-08T00:00:00+00:00,48,simpson_upper,79687.2554596537,48 hour fcst,1882.0056937835966,48 hour fcst,264.7459718354504,48 hour fcst,97.95019902835202,48 hour fcst,-0.14808572553988583,48 hour fcst,1.1580960037045995,48 hour fcst,0.30349351783999845,42-48 hour acc fcst,0.9618920713600068,42-48 hour ave fcst,132.27481196058645,42-48 hour ave fcst,251.22950097122887,42-48 hour ave fcst
2023-01-08T00:00:00+00:00,48,bow_summit,75511.24452552616,48 hour fcst,2295.135431332288,48 hour fcst,261.7680836176456,48 hour fcst,94.07013720729603,48 hour fcst,0.1334566616889056,48 hour fcst,2.9371989976629873,48 hour fcst,0.15023024999999993,42-48 hour acc fcst,0.16250800000000254,42-48 hour ave fcst,147.2171400410112,42-48 hour ave fcst,218.67885665938925,42-48 hour ave fcst
2023-01-08T00:00:00+00:00,48,bow_summit_plot,75512.885844944,48 hour fcst,2294.9694288879996,48 hour fcst,261.7717320781,48 hour fcst,94.06126649600002,48 hour fcst,0.13267888296250452,48 hour fcst,2.938519497374988,48 hour fcst,0.15037500000000037,42-48 hour acc fcst,0.16280000000000427,42-48 hour ave fcst,147.19937925119993,42-48 hour ave fcst,218.70743975878136,42-48 hour ave fcst
2023-01-08T00:00:00+00:00,48,sunshine_village_ab_env,77905.95147618573,48 hour fcst,2056.5879388276353,48 hour fcst,264.3309106386136,48 hour fcst,93.90735855465593,48 hour fcst,0.5669787074937072,48 hour fcst,1.1808617560549985,48 hour fcst,0.16454849999999865,42-48 hour acc fcst,0.6865679999999941,42-48 hour ave fcst,146.31121787202056,42-48 hour ave fcst,236.70387268492522,42-48 hour ave fcst
2023-01-08T00:00:00+00:00,48,sunshine_village_ab_env_plot,77797.81579720006,48 hour fcst,2066.996739479995,48 hour fcst,264.3581464525001,48 hour fcst,93.32677439999988,48 hour fcst,0.6653753565624896,48 hour fcst,1.1553696093750048,48 hour fcst,0.14520000000000266,42-48 hour acc fcst,0.6399999999999864,42-48 hour ave fcst,148.00628275199944,42-48 hour ave fcst,235.03945515078198,42-48 hour ave fcst
2023-01-08T00:00:00+00:00,51,simpson_lower,79542.91428027973,51 hour fcst,1881.8590177589072,51 hour fcst,262.14695403535,51 hour fcst,97.91617484672003,51 hour fcst,-1.019409791501523,51 hour fcst,-0.5933122798037969,51 hour fcst,3.4327226129000334,0-51 hour acc fcst,0.0,48-51 hour ave fcst,0.0,48-51 hour ave fcst,243.1761336809154,48-51 hour ave fcst
2023-01-08T00:00:00+00:00,51,simpson_upper,79540.50384319702,51 hour fcst,1882.0056937835966,51 hour fcst,262.1154215364699,51 hour fcst,97.97758868582403,51 hour fcst,-1.0429264148262805,51 hour fcst,-0.6458605404757122,51 hour fcst,3.4827140086799764,0-51 hour acc fcst,0.0,48-51 hour ave fcst,0.0,48-51 hour ave fcst,243.2119101770425,48-51 hour ave fcst
2023-01-08T00:00:00+00:00,51,bow_summit,75388.49634417985,51 hour fcst,2295.135431332288,51 hour fcst,260.70451285717394,51 hour fcst,96.74969853657605,51 hour fcst,-0.710491656842292,51 hour fcst,1.263671591377038,51 hour fcst,1.7737086661599963,0-51 hour acc fcst,0.0,48-51 hour ave fcst,0.0,48-51 hour ave fcst,223.84380535387493,48-51 hour ave fcst
2023-01-08T00:00:00+00:00,51,bow_summit_plot,75390.10691784,51 hour fcst,2294.9694288879996,51 hour fcst,260.70785681775,51 hour fcst,96.74437177600002,51 hour fcst,-0.7119201382374946,51 hour fcst,1.2642021659562361,51 hour fcst,1.7751981600000004,0-51 hour acc fcst,0.0,48-51 hour ave fcst,0.0,48-51 hour ave fcst,223.88461692187502,48-51 hour ave fcst
2023-01-08T00:00:00+00:00,51,sunshine_village_ab_env,77767.51721451123,51 hour fcst,2056.5879388276353,51 hour fcst,261.581450574182,51 hour fcst,97.14342132982397,51 hour fcst,0.2108387597337114,51 hour fcst,0.5960004330234476,51 hour fcst,1.8418480522099867,0-51 hour acc fcst,0.0,48-51 hour ave fcst,0.0,48-51 hour ave fcst,235.04963089137908,48-51 hour ave fcst
2023-01-08T00:00:00+00:00,51,sunshine_village_ab_env_plot,77660.05620680006,51 hour fcst,2066.996739479995,51 hour fcst,261.56146539375004,51 hour fcst,96.89157759999995,51 hour fcst,0.3462911065624935,51 hour fcst,0.6500030651561896,51 hour fcst,1.6459040000000313,0-51 hour acc fcst,0.0,48-51 hour ave fcst,0.0,48-51 hour ave fcst,234.8425945218758,48-51 hour ave fcst
2023-01-08T00:00:00+00:00,54,simpson_lower,79546.71554043301,54 hour fcst,1881.8590177589072,54 hour fcst,264.297955931455,54 hour fcst,97.08789100912,54 hour fcst,-0.600180684919022,54 hour fcst,-0.25439984252652653,54 hour fcst,3.4362194428500334,0-54 hour acc fcst,0.0,48-54 hour ave fcst,0.0,48-54 hour ave fcst,244.32061745386846,48-54 hour ave fcst
2023-01-08T00:00:00+00:00,54,simpson_upper,79544.28920791118,54 hour fcst,1882.0056937835966,54 hour fcst,264.288371266511,54 hour fcst,97.12044809990402,54 hour fcst,-0.6212617185797803,54 hour fcst,-0.27756362113127564,54 hour fcst,3.485095754219976,0-54 hour acc fcst,0.0,48-54 hour ave fcst,0.0,48-54 hour ave fcst,244.40515359719578,48-54 hour ave fcst
2023-01-08T00:00:00+00:00,54,bow_summit,75407.98371945298,54 hour fcst,2295.135431332288,54 hour fcst,261.451480725231,54 hour fcst,98.807584404864,54 hour fcst,0.36570101257540344,54 hour fcst,1.2980275639822902,54 hour fcst,1.7830138742399964,0-54 hour acc fcst,0.0,48-54 hour ave fcst,0.0,48-54 hour ave fcst,224.20003836730814,48-54 hour ave fcst
2023-01-08T00:00:00+00:00,54,bow_summit_plot,75409.622136392,54 hour fcst,2294.9694288879996,54 hour fcst,261.452997915375,54 hour fcst,98.806777664,54 hour fcst,0.36444079602500007,54 hour fcst,1.297926340737487,54 hour fcst,1.7845347400000005,0-54 hour acc fcst,0.0,48-54 hour ave fcst,0.0,48-54 hour ave fcst,224.22197077882817,48-54 hour ave fcst
2023-01-08T00:00:00+00:00,54,sunshine_village_ab_env,77765.05025126021,54 hour fcst,2056.5879388276353,54 hour fcst,263.354135794463,54 hour fcst,97.210827064912,54 hour fcst,0.5796357935466108,54 hour fcst,0.24050261631509473,54 hour fcst,1.8418480522099867,0-54 hour acc fcst,0.0,48-54 hour ave fcst,0.0,48-54 hour ave fcst,234.08041512703613,48-54 hour ave fcst
2023-01-08T00:00:00+00:00,54,sunshine_village_ab_env_plot,77657.67970260006,54 hour fcst,2066.996739479995,54 hour fcst,263.29021205937505,54 hour fcst,97.14914879999998,54 hour fcst,0.7181136056249879,54 hour fcst,0.2482235759374516,54 hour fcst,1.6459040000000313,0-54 hour acc fcst,0.0,48-54 hour ave fcst,0.0,48-54 hour ave fcst,233.39642549882865,48-54 hour ave fcst
2023-01-08T00:00:00+00:00,57,simpson_lower,79534.05029204614,57 hour fcst,1881.8590177589072,57 hour fcst,263.39883320712,57 hour fcst,97.32587323448001,57 hour fcst,-0.43787458077953095,57 hour fcst,0.23855370518622349,57 hour fcst,3.4362194428500334,0-57 hour acc fcst,0.0,54-57 hour ave fcst,0.0,54-57 hour ave fcst,253.39870065709758,54-57 hour ave fcst
2023-01-08T00:00:00+00:00,57,simpson_upper,79531.60474256787,57 hour fcst,1882.0056937835966,57 hour fcst,263.35494852150396,57 hour fcst,97.38269822121602,57 hour fcst,-0.45933215783386944,57 hour fcst,0.21544264968227428,57 hour fcst,3.485095754219976,0-57 hour acc fcst,0.0,54-57 hour ave fcst,0.0,54-57 hour ave fcst,253.31421710360937,54-57 hour ave fcst
2023-01-08T00:00:00+00:00,57,bow_summit,75368.7294061993,57 hour fcst,2295.135431332288,57 hour fcst,258.81756133049606,57 hour fcst,99.243348203648,57 hour fcst,0.4107039592765051,57 hour fcst,1.5380345110902347,57 hour fcst,1.7874023323199968,0-57 hour acc fcst,0.0,54-57 hour ave fcst,0.0,54-57 hour ave fcst,213.20434874274557,54-57 hour ave fcst
2023-01-08T00:00:00+00:00,57,bow_summit_plot,75370.383778496,57 hour fcst,2294.9694288879996,57 hour fcst,258.818634696,57 hour fcst,99.24315324799998,57 hour fcst,0.40946489681250237,57 hour fcst,1.538540737906232,57 hour fcst,1.7888463200000007,0-57 hour acc fcst,0.0,54-57 hour ave fcst,0.0,54-57 hour ave fcst,213.20588711893754,54-57 hour ave fcst
2023-01-08T00:00:00+00:00,57,sunshine_village_ab_env,77741.46483350988,57 hour fcst,2056.5879388276353,57 hour fcst,262.956261974224,57 hour fcst,97.008463025776,57 hour fcst,0.9849403809229097,57 hour fcst,0.7875394175766455,57 hour fcst,1.8418480522099867,0-57 hour acc fcst,0.0,54-57 hour ave fcst,0.0,54-57 hour ave fcst,245.1357092326654,54-57 hour ave fcst
2023-01-08T00:00:00+00:00,57,sunshine_village_ab_env_plot,77632.91761120006,57 hour fcst,2066.996739479995,57 hour fcst,262.9064026,57 hour fcst,96.94354240000001,57 hour fcst,1.1261245928124766,57 hour fcst,0.7948537139062071,57 hour fcst,1.6459040000000313,0-57 hour acc fcst,0.0,54-57 hour ave fcst,0.0,54-57 hour ave fcst,244.15084091093743,54-57 hour ave fcst
2023-01-08T00:00:00+00:00,60,simpson_lower,79543.15240220679,60 hour fcst,1881.8590177589072,60 hour fcst,260.013415543386,60 hour fcst,98.32473329743999,60 hour fcst,-0.5471552157485277,60 hour fcst,-0.627311851745787,60 hour fcst,3.491276362900035,0-60 hour acc fcst,0.0,54-60 hour ave fcst,0.0,54-60 hour ave fcst,243.50701203238012,54-60 hour ave fcst
2023-01-08T00:00:00+00:00,60,simpson_upper,79540.86567479777,60 hour fcst,1882.0056937835966,60 hour fcst,259.9984318977011,60 hour fcst,98.37630292844804,60 hour fcst,-0.5611594806236709,60 hour fcst,-0.6553713341921144,60 hour fcst,3.543005258679975,0-60 hour acc fcst,0.0,54-60 hour ave fcst,0.0,54-60 hour ave fcst,243.48053209439587,54-60 hour ave fcst
2023-01-08T00:00:00+00:00,60,bow_summit,75381.61841552616,60 hour fcst,2295.135431332288,60 hour fcst,259.3227363367508,60 hour fcst,99.646499537792,60 hour fcst,0.7347662658499042,60 hour fcst,0.3020150760318387,60 hour fcst,1.8353571242399962,0-60 hour acc fcst,0.0,54-60 hour ave fcst,0.0,54-60 hour ave fcst,212.68305187052405,54-60 hour ave fcst
2023-01-08T00:00:00+00:00,60,bow_summit_plot,75383.278134944,60 hour fcst,2294.9694288879996,60 hour fcst,259.32400594204995,60 hour fcst,99.64735619199998,60 hour fcst,0.7340085095875027,60 hour fcst,0.3023428120062365,60 hour fcst,1.83685974,0-60 hour acc fcst,0.0,54-60 hour ave fcst,0.0,54-60 hour ave fcst,212.68640126150007,54-60 hour ave fcst
2023-01-08T00:00:00+00:00,60,sunshine_village_ab_env,77746.28616390988,60 hour fcst,2056.5879388276353,60 hour fcst,259.8212192259332,60 hour fcst,98.41203856180799,60 hour fcst,0.932515588901112,60 hour fcst,0.5926935759470522,60 hour fcst,1.8474186933199863,0-60 hour acc fcst,0.0,54-60 hour ave fcst,0.0,54-60 hour ave fcst,238.20608017164392,54-60 hour ave fcst
2023-01-08T00:00:00+00:00,60,sunshine_village_ab_env_plot,77637.19535120006,60 hour fcst,2066.996739479995,60 hour fcst,259.87011996125,60 hour fcst,98.31377919999994,60 hour fcst,1.0752920071874912,60 hour fcst,0.6821319864062025,60 hour fcst,1.6467680000000327,0-60 hour acc fcst,0.0,54-60 hour ave fcst,0.0,54-60 hour ave fcst,237.68340903749998,54-60 hour ave fcst
2023-01-08T00:00:00+00:00,63,simpson_lower,79635.27013721415,63 hour fcst,1881.8590177589072,63 hour fcst,264.8680731821975,63 hour fcst,96.504946,63 hour fcst,-0.13579614395826925,63 hour fcst,-0.3503436186507618,63 hour fcst,3.913462703000041,0-63 hour acc fcst,1.0,60-63 hour ave fcst,0.0,60-63 hour ave fcst,259.7233682735265,60-63 hour ave fcst
2023-01-08T00:00:00+00:00,63,simpson_upper,79632.16750971347,63 hour fcst,1882.0056937835966,63 hour fcst,264.86272317702947,63 hour fcst,96.50519959999998,63 hour fcst,-0.16492653348463707,63 hour fcst,-0.357895005593138,63 hour fcst,3.97184476759997,0-63 hour acc fcst,1.0,60-63 hour ave fcst,0.0,60-63 hour ave fcst,259.92766438791006,60-63 hour ave fcst
2023-01-08T00:00:00+00:00,63,bow_summit,75510.42599916506,63 hour fcst,2295.135431332288,63 hour fcst,262.4522026618615,63 hour fcst,96.96161760486399,63 hour fcst,0.4816656051841531,63 hour fcst,0.5142502850468452,63 hour fcst,1.931541040399996,0-63 hour acc fcst,0.16250800000000254,60-63 hour ave fcst,0.0,60-63 hour ave fcst,242.78672857136627,60-63 hour ave fcst
2023-01-08T00:00:00+00:00,63,bow_summit_plot,75512.06106625599,63 hour fcst,2294.9694288879996,63 hour fcst,262.45309662243756,63 hour fcst,96.96265766399998,63 hour fcst,0.4809366039937514,63 hour fcst,0.5138844363812426,63 hour fcst,1.9332329000000004,0-63 hour acc fcst,0.16280000000000427,60-63 hour ave fcst,0.0,60-63 hour ave fcst,242.79628502640628,60-63 hour ave fcst
2023-01-08T00:00:00+00:00,63,sunshine_village_ab_env,77858.80835148504,63 hour fcst,2056.5879388276353,63 hour fcst,263.84446008197347,63 hour fcst,95.969064122672,63 hour fcst,0.7638076143089584,63 hour fcst,-0.06918520148595078,63 hour fcst,2.000975866649984,0-63 hour acc fcst,0.6865679999999941,60-63 hour ave fcst,0.0,60-63 hour ave fcst,249.58661895331818,60-63 hour ave fcst
2023-01-08T00:00:00+00:00,63,sunshine_village_ab_env_plot,77752.61038440006,63 hour fcst,2066.996739479995,63 hour fcst,263.7568347984375,63 hour fcst,95.8848128,63 hour fcst,0.8819174135937344,63 hour fcst,-0.03568622921877747,63 hour fcst,1.7707100000000364,0-63 hour acc fcst,0.6399999999999864,60-63 hour ave fcst,0.0,60-63 hour ave fcst,248.66185686640642,60-63 hour ave fcst
2023-01-08T00:00:00+00:00,66,simpson_lower,79773.64674890757,66 hour fcst,1881.8590177589072,66 hour fcst,266.63266129259756,66 hour fcst,94.46980672080002,66 hour fcst,0.8339948041007393,66 hour fcst,0.3698145441810044,66 hour fcst,4.519630293100045,0-66 hour acc fcst,1.0,60-66 hour ave fcst,19.14736809379198,60-66 hour ave fcst,264.70763982534083,60-66 hour ave fcst
2023-01-08T00:00:00+00:00,66,simpson_upper,79770.46279868514,66 hour fcst,1882.0056937835966,66 hour fcst,266.6397703627095,66 hour fcst,94.48664087135998,66 hour fcst,0.8181424404831574,66 hour fcst,0.3859612516402004,66 hour fcst,4.585455026519968,0-66 hour acc fcst,1.0,60-66 hour ave fcst,19.11141856848641,60-66 hour ave fcst,264.9065154511805,60-66 hour ave fcst
2023-01-08T00:00:00+00:00,66,bow_summit,75633.785504853,66 hour fcst,2295.135431332288,66 hour fcst,264.5508841472215,66 hour fcst,92.88374119513603,66 hour fcst,0.7606798547391512,66 hour fcst,0.17156908678260005,66 hour fcst,2.5269916227199984,0-66 hour acc fcst,1.0,60-66 hour ave fcst,13.788896346828798,60-66 hour ave fcst,254.86162752833266,60-66 hour ave fcst
2023-01-08T00:00:00+00:00,66,bow_summit_plot,75635.420651392,66 hour fcst,2294.9694288879996,66 hour fcst,264.5511827324375,66 hour fcst,92.882582336,66 hour fcst,0.7603802058687508,66 hour fcst,0.17144213072499961,66 hour fcst,2.5283042200000025,0-66 hour acc fcst,1.0,60-66 hour ave fcst,13.7901365888,60-66 hour ave fcst,254.86680033614064,60-66 hour ave fcst
2023-01-08T00:00:00+00:00,66,sunshine_village_ab_env,77986.43817477196,66 hour fcst,2056.5879388276353,66 hour fcst,265.7830748319735,66 hour fcst,93.36747516086399,66 hour fcst,1.2071622245375524,66 hour fcst,0.11799144591859723,66 hour fcst,2.4577308988699835,0-66 hour acc fcst,1.0,60-66 hour ave fcst,18.189129332307168,60-66 hour ave fcst,257.4951186382046,60-66 hour ave fcst
2023-01-08T00:00:00+00:00,66,sunshine_village_ab_env_plot,77879.34640320006,66 hour fcst,2066.996739479995,66 hour fcst,265.7203735484375,66 hour fcst,93.27903360000002,66 hour fcst,1.2542399754687366,66 hour fcst,0.09189759312499758,66 hour fcst,2.2112880000000414,0-66 hour acc fcst,1.0,60-66 hour ave fcst,17.954481279999932,60-66 hour ave fcst,256.8805113441408,60-66 hour ave fcst
2023-01-08T00:00:00+00:00,69,simpson_lower,79839.8655415207,69 hour fcst,1881.8590177589072,69 hour fcst,267.7187104364751,69 hour fcst,94.01771766696004,69 hour fcst,0.9929059590497417,69 hour fcst,0.8102738179260084,69 hour fcst,5.197582483450044,0-69 hour acc fcst,1.0,66-69 hour ave fcst,119.77361692980767,66-69 hour ave fcst,277.02565934053024,66-69 hour ave fcst
2023-01-08T00:00:00+00:00,69,simpson_upper,79836.84833274182,69 hour fcst,1882.0056937835966,69 hour fcst,267.71459376119503,69 hour fcst,94.08499866403199,69 hour fcst,0.9858399735889576,69 hour fcst,0.8369056079691998,69 hour fcst,5.266158807739969,0-69 hour acc fcst,1.0,66-69 hour ave fcst,119.31610996863382,66-69 hour ave fcst,277.1923340306259,66-69 hour ave fcst
2023-01-08T00:00:00+00:00,69,bow_summit,75683.98502992615,69 hour fcst,2295.135431332288,69 hour fcst,265.974467396875,69 hour fcst,89.83869039756803,69 hour fcst,1.5575318088369472,69 hour fcst,1.0206406535019996,69 hour fcst,2.959574872719999,0-69 hour acc fcst,1.0,66-69 hour ave fcst,125.37940341045758,66-69 hour ave fcst,266.4282479703061,66-69 hour ave fcst
2023-01-08T00:00:00+00:00,69,bow_summit_plot,75685.636934944,69 hour fcst,2294.9694288879996,69 hour fcst,265.974961796875,69 hour fcst,89.83735116800001,69 hour fcst,1.5579046917937478,69 hour fcst,1.0203923707499984,69 hour fcst,2.9607792200000027,0-69 hour acc fcst,1.0,66-69 hour ave fcst,125.38624997759999,66-69 hour ave fcst,266.42395603725,66-69 hour ave fcst
2023-01-08T00:00:00+00:00,69,sunshine_village_ab_env,78048.46419869747,69 hour fcst,2056.5879388276353,69 hour fcst,267.142009880411,69 hour fcst,92.02811872887997,69 hour fcst,1.2409278802401507,69 hour fcst,0.5390845451467978,69 hour fcst,3.035323225539981,0-69 hour acc fcst,1.0,66-69 hour ave fcst,132.68008808218568,66-69 hour ave fcst,270.059068206082,66-69 hour ave fcst
2023-01-08T00:00:00+00:00,69,sunshine_village_ab_env_plot,77940.26099280006,69 hour fcst,2066.996739479995,69 hour fcst,267.1227281968751,69 hour fcst,91.75651200000001,69 hour fcst,1.2681991685937373,69 hour fcst,0.5020095387500085,69 hour fcst,2.7652460000000385,0-69 hour acc fcst,1.0,66-69 hour ave fcst,134.35663743999962,66-69 hour ave fcst,269.2502925812502,66-69 hour ave fcst
2023-01-08T00:00:00+00:00,72,simpson_lower,79938.2567100535,72 hour fcst,1881.8590177589072,72 hour fcst,264.0614125032841,72 hour fcst,98.49297729744002,72 hour fcst,-0.011515220517520516,72 hour fcst,0.2913505603402357,72 hour fcst,0.9251404504999979,66-72 hour acc fcst,1.0,66-72 hour ave fcst,94.03885844062715,66-72 hour ave fcst,266.3308157399926,66-72 hour ave fcst
2023-01-08T00:00:00+00:00,72,simpson_upper,79935.35110048357,72 hour fcst,1882.0056937835966,72 hour fcst,264.08684905391283,72 hour fcst,98.52787172844802,72 hour fcst,-0.01911415557347744,72 hour fcst,0.2879842580490666,72 hour fcst,0.9282362946000036,66-72 hour acc fcst,1.0,66-72 hour ave fcst,93.84716726273025,66-72 hour ave fcst,266.4813863053684,66-72 hour ave fcst
2023-01-08T00:00:00+00:00,72,bow_summit,75785.10404719929,72 hour fcst,2295.135431332288,72 hour fcst,260.7658015220184,72 hour fcst,99.60804340121601,72 hour fcst,0.8432190905897038,72 hour fcst,0.9418331455114436,72 hour fcst,0.500323250000001,66-72 hour acc fcst,1.0,66-72 hour ave fcst,102.00299485698046,66-72 hour ave fcst,246.24509380936857,66-72 hour ave fcst
2023-01-08T00:00:00+00:00,72,bow_summit_plot,75786.751443496,72 hour fcst,2294.9694288879996,72 hour fcst,260.76625863590004,72 hour fcst,99.608264416,72 hour fcst,0.8425983187625028,72 hour fcst,0.9417999303562415,72 hour fcst,0.5001250000000005,66-72 hour acc fcst,1.0,66-72 hour ave fcst,102.00876187648,66-72 hour ave fcst,246.24142107631252,66-72 hour ave fcst
2023-01-08T00:00:00+00:00,72,sunshine_village_ab_env,78145.8459752602,72 hour fcst,2056.5879388276353,72 hour fcst,262.92083505683917,72 hour fcst,97.84256787732798,72 hour fcst,0.9309668801993061,72 hour fcst,0.6588320025514478,72 hour fcst,0.8623890766699975,66-72 hour acc fcst,1.0,66-72 hour ave fcst,97.4114742690202,66-72 hour ave fcst,261.9438104699765,66-72 hour ave fcst
2023-01-08T00:00:00+00:00,72,sunshine_village_ab_env_plot,78037.21088260005,72 hour fcst,2066.996739479995,72 hour fcst,262.86572651750004,72 hour fcst,97.74382719999997,72 hour fcst,1.020934171562485,72 hour fcst,0.6612130151562288,72 hour fcst,0.8426079999999943,66-72 hour acc fcst,1.0,66-72 hour ave fcst,97.90899558399994,66-72 hour ave fcst,261.5900744203126,66-72 hour ave fcst
